ID	Condition	Trial	TrialPosition	LookingTime	SaccLatency	pred	notpred
2	Soc	1	2	2733.333333	1300	0	1
2	Soc	2	4	2850	1350	0	1
2	Soc	3	6	2166.666667	1308.333333	0	1
2	Soc	4	7	2366.666667	1550	0	1
2	Soc	5	9	1475	1350	0	1
2	Soc	6	11	NA	NA	NA	NA
2	Soc	7	13	1700	1241.666667	0	1
2	Soc	8	15	NA	NA	NA	NA
2	Soc	9	17	2525	1375	0	1
2	Soc	10	19	NA	NA	NA	NA
2	Soc	11	21	2500	941.6666667	1	0
2	Soc	12	23	NA	NA	NA	NA
2	Con	1	1	2400	1333.333333	0	1
2	Con	2	3	3025	1300	0	1
2	Con	3	5	2158.333333	1291.666667	0	1
2	Con	4	8	2625	1350	0	1
2	Con	5	10	1366.666667	1366.666667	0	1
2	Con	6	12	2191.666667	1341.666667	0	1
2	Con	7	14	NA	NA	NA	NA
2	Con	8	16	NA	NA	NA	NA
2	Con	9	18	1433.333333	991.6666667	1	0
2	Con	10	20	700	1558.333333	0	1
2	Con	11	22	716.6666667	1241.666667	0	1
2	Con	12	24	2558.333333	1391.666667	0	1
3	Soc	1	1	NA	NA	NA	NA
3	Soc	2	3	1625	1575	0	1
3	Soc	3	6	1841.666667	750	1	0
3	Soc	4	8	2475	1583.333333	0	1
3	Soc	5	10	3291.666667	1183.333333	1	0
3	Soc	6	11	3341.666667	1158.333333	1	0
3	Soc	7	13	3441.666667	1216.666667	0	1
3	Soc	8	15	1666.666667	1266.666667	0	1
3	Soc	9	18	2866.666667	733.3333333	1	0
3	Soc	10	20	3900	791.6666667	1	0
3	Soc	11	22	3408.333333	700	1	0
3	Soc	12	24	3266.666667	683.3333333	1	0
3	Con	1	2	3483.333333	1266.666667	0	1
3	Con	2	4	3166.666667	1483.333333	0	1
3	Con	3	5	2383.333333	1325	0	1
3	Con	4	7	1841.666667	1675	0	1
3	Con	5	9	3525	1325	0	1
3	Con	6	12	2441.666667	1466.666667	0	1
3	Con	7	14	2491.666667	1333.333333	0	1
3	Con	8	16	3383.333333	1325	0	1
3	Con	9	17	2250	1383.333333	0	1
3	Con	10	19	3258.333333	1291.666667	0	1
3	Con	11	21	3391.666667	1316.666667	0	1
3	Con	12	23	3491.666667	1325	0	1
36	Soc	1	2	1375	1175	1	0
36	Soc	2	3	1650	850	1	0
36	Soc	3	6	1475	1216.666667	0	1
36	Soc	4	8	1650	1266.666667	0	1
36	Soc	5	9	1441.666667	8.333333333	1	0
36	Soc	6	11	1141.666667	291.6666667	1	0
36	Soc	7	13	2050	1325	0	1
36	Soc	8	16	350	1158.333333	1	0
36	Soc	9	18	766.6666667	1241.666667	0	1
36	Soc	10	20	208.3333333	1558.333333	0	1
36	Soc	11	21	NA	NA	NA	NA
36	Soc	12	24	825	1466.666667	0	1
36	Con	1	1	1500	1466.666667	0	1
36	Con	2	4	691.6666667	1666.666667	0	1
36	Con	3	5	1691.666667	1350	0	1
36	Con	4	7	950	1533.333333	0	1
36	Con	5	10	316.6666667	NA	NA	NA
36	Con	6	12	1033.333333	1233.333333	0	1
36	Con	7	14	1416.666667	1191.666667	1	0
36	Con	8	15	900	775	1	0
36	Con	9	17	850	NA	NA	NA
36	Con	10	19	1050	1200	1	0
36	Con	11	22	1941.666667	983.3333333	1	0
36	Con	12	23	1433.333333	1208.333333	0	1
5	Soc	1	2	3875	833.3333333	1	0
5	Soc	2	4	3908.333333	791.6666667	1	0
5	Soc	3	5	3991.666667	725	1	0
5	Soc	4	8	4050	683.3333333	1	0
5	Soc	5	10	3991.666667	691.6666667	1	0
5	Soc	6	11	4258.333333	433.3333333	1	0
5	Soc	7	14	3966.666667	766.6666667	1	0
5	Soc	8	15	2883.333333	866.6666667	1	0
5	Soc	9	18	3366.666667	691.6666667	1	0
5	Soc	10	21	416.6666667	NA	NA	NA
5	Soc	11	23	3191.666667	691.6666667	1	0
5	Soc	12	24	3675	808.3333333	1	0
5	Con	1	1	3208.333333	1391.666667	0	1
5	Con	2	3	3175	1516.666667	0	1
5	Con	3	6	3208.333333	1516.666667	0	1
5	Con	4	7	3333.333333	1366.666667	0	1
5	Con	5	9	3291.666667	1466.666667	0	1
5	Con	6	12	3333.333333	1366.666667	0	1
5	Con	7	13	3250	1383.333333	0	1
5	Con	8	16	1875	1233.333333	0	1
5	Con	9	17	3466.666667	1308.333333	0	1
5	Con	10	19	1325	NA	NA	NA
5	Con	11	20	NA	NA	NA	NA
5	Con	12	22	NA	NA	NA	NA
6	Soc	1	2	2333.333333	1266.666667	0	1
6	Soc	2	3	2808.333333	1241.666667	0	1
6	Soc	3	5	3500	1258.333333	0	1
6	Soc	4	7	1900	1333.333333	0	1
6	Soc	5	9	3500	1291.666667	0	1
6	Soc	6	11	2333.333333	1208.333333	0	1
6	Soc	7	14	2775	1208.333333	0	1
6	Soc	8	16	NA	NA	NA	NA
6	Soc	9	17	2100	1225	0	1
6	Soc	10	19	1533.333333	1233.333333	0	1
6	Soc	11	22	2375	1258.333333	0	1
6	Soc	12	24	883.3333333	1333.333333	0	1
6	Con	1	1	2025	750	1	0
6	Con	2	4	1675	1208.333333	0	1
6	Con	3	6	2225	1266.666667	0	1
6	Con	4	8	3233.333333	1250	0	1
6	Con	5	10	1700	1241.666667	0	1
6	Con	6	12	2908.333333	1233.333333	0	1
6	Con	7	13	1633.333333	1783.333333	0	1
6	Con	8	15	2608.333333	1241.666667	0	1
6	Con	9	18	3283.333333	1208.333333	0	1
6	Con	10	20	3158.333333	1225	0	1
6	Con	11	21	2450	1191.666667	1	0
6	Con	12	23	1800	1258.333333	0	1
7	Soc	1	1	NA	NA	NA	NA
7	Soc	2	3	3291.666667	1166.666667	1	0
7	Soc	3	6	3916.666667	825	1	0
7	Soc	4	8	3608.333333	1183.333333	1	0
7	Soc	5	9	3650	1183.333333	1	0
7	Soc	6	11	3525	1225	0	1
7	Soc	7	14	3600	1225	0	1
7	Soc	8	16	3641.666667	1125	1	0
7	Soc	9	18	2008.333333	1141.666667	1	0
7	Soc	10	20	3533.333333	1191.666667	1	0
7	Soc	11	21	3583.333333	1158.333333	1	0
7	Soc	12	24	3525	1258.333333	0	1
7	Con	1	2	1200	NA	NA	NA
7	Con	2	4	1758.333333	1191.666667	1	0
7	Con	3	5	1658.333333	1166.666667	1	0
7	Con	4	7	3866.666667	791.6666667	1	0
7	Con	5	10	3575	1200	1	0
7	Con	6	12	3416.666667	1325	0	1
7	Con	7	13	2625	1175	1	0
7	Con	8	15	3491.666667	1175	1	0
7	Con	9	17	NA	NA	NA	NA
7	Con	10	19	2741.666667	NA	NA	NA
7	Con	11	22	3541.666667	1225	0	1
7	Con	12	23	3941.666667	775	1	0
8	Soc	1	1	3541.666667	1216.666667	0	1
8	Soc	2	3	3058.333333	1233.333333	0	1
8	Soc	3	6	3516.666667	1000	1	0
8	Soc	4	7	3725	725	1	0
8	Soc	5	9	3950	716.6666667	1	0
8	Soc	6	11	3858.333333	683.3333333	1	0
8	Soc	7	14	900	1200	1	0
8	Soc	8	15	3583.333333	1200	1	0
8	Soc	9	18	2683.333333	1591.666667	0	1
8	Soc	10	19	3366.666667	725	1	0
8	Soc	11	22	575	1375	0	1
8	Soc	12	24	NA	NA	NA	NA
8	Con	1	2	3291.666667	1316.666667	0	1
8	Con	2	4	3391.666667	1241.666667	0	1
8	Con	3	5	3600	1225	0	1
8	Con	4	8	3491.666667	1283.333333	0	1
8	Con	5	10	3475	1291.666667	0	1
8	Con	6	12	3533.333333	1208.333333	0	1
8	Con	7	13	3408.333333	1283.333333	0	1
8	Con	8	16	3441.666667	1308.333333	0	1
8	Con	9	17	3500	1258.333333	0	1
8	Con	10	20	1733.333333	1183.333333	1	0
8	Con	11	21	983.3333333	1450	0	1
8	Con	12	23	8.333333333	NA	NA	NA
9	Soc	1	2	1433.333333	1983.333333	0	1
9	Soc	2	3	1983.333333	NA	NA	NA
9	Soc	3	6	875	1925	0	1
9	Soc	4	7	475	NA	NA	NA
9	Soc	5	10	966.6666667	NA	NA	NA
9	Soc	6	12	1291.666667	1866.666667	0	1
9	Soc	7	14	1608.333333	1483.333333	0	1
9	Soc	8	16	1058.333333	NA	NA	NA
9	Soc	9	17	2966.666667	1225	0	1
9	Soc	10	20	1683.333333	1450	0	1
9	Soc	11	21	1675	1616.666667	0	1
9	Soc	12	23	1775	1233.333333	0	1
9	Con	1	1	991.6666667	1858.333333	0	1
9	Con	2	4	1191.666667	1275	0	1
9	Con	3	5	1541.666667	1208.333333	0	1
9	Con	4	8	2075	1475	0	1
9	Con	5	9	2141.666667	500	1	0
9	Con	6	11	1433.333333	1841.666667	0	1
9	Con	7	13	2116.666667	50	1	0
9	Con	8	15	1616.666667	1308.333333	0	1
9	Con	9	18	2441.666667	1458.333333	0	1
9	Con	10	19	1683.333333	1266.666667	0	1
9	Con	11	22	2533.333333	1458.333333	0	1
9	Con	12	24	500	NA	NA	NA
11	Soc	1	1	3766.666667	950	1	0
11	Soc	2	3	3933.333333	766.6666667	1	0
11	Soc	3	5	3933.333333	716.6666667	1	0
11	Soc	4	8	3575	1225	0	1
11	Soc	5	9	3566.666667	1100	1	0
11	Soc	6	11	3475	1058.333333	1	0
11	Soc	7	13	3633.333333	1066.666667	1	0
11	Soc	8	16	3758.333333	966.6666667	1	0
11	Soc	9	18	4016.666667	766.6666667	1	0
11	Soc	10	20	2766.666667	800	1	0
11	Soc	11	22	2083.333333	1008.333333	1	0
11	Soc	12	23	1250	1158.333333	1	0
11	Con	1	2	3491.666667	1275	0	1
11	Con	2	4	3416.666667	1233.333333	0	1
11	Con	3	6	3541.666667	1275	0	1
11	Con	4	7	4058.333333	658.3333333	1	0
11	Con	5	10	3325	1333.333333	0	1
11	Con	6	12	3208.333333	1291.666667	0	1
11	Con	7	14	3200	1441.666667	0	1
11	Con	8	15	3383.333333	708.3333333	1	0
11	Con	9	17	3441.666667	1225	0	1
11	Con	10	19	3575	1233.333333	0	1
11	Con	11	21	2958.333333	1233.333333	0	1
11	Con	12	24	NA	1408.333333	0	1
12	Soc	1	1	NA	NA	NA	NA
12	Soc	2	4	1600	1458.333333	0	1
12	Soc	3	5	NA	NA	NA	NA
12	Soc	4	7	66.66666667	358.3333333	1	0
12	Soc	5	10	3625	400	1	0
12	Soc	6	11	2850	1166.666667	1	0
12	Soc	7	13	2841.666667	291.6666667	1	0
12	Soc	8	16	3366.666667	1158.333333	1	0
12	Soc	9	18	3275	208.3333333	1	0
12	Soc	10	19	3125	1000	1	0
12	Soc	11	22	3183.333333	1183.333333	1	0
12	Soc	12	24	2808.333333	941.6666667	1	0
12	Con	1	2	3450	1333.333333	0	1
12	Con	2	3	3450	1300	0	1
12	Con	3	6	NA	NA	NA	NA
12	Con	4	8	NA	NA	NA	NA
12	Con	5	9	2975	1400	0	1
12	Con	6	12	2875	1258.333333	0	1
12	Con	7	14	3416.666667	1325	0	1
12	Con	8	15	3191.666667	1316.666667	0	1
12	Con	9	17	3258.333333	1241.666667	0	1
12	Con	10	20	3316.666667	1283.333333	0	1
12	Con	11	21	3500	1258.333333	0	1
12	Con	12	23	3450	1241.666667	0	1
13	Soc	1	1	3525	1191.666667	1	0
13	Soc	2	3	3008.333333	1275	0	1
13	Soc	3	5	1666.666667	1333.333333	0	1
13	Soc	4	8	1833.333333	1333.333333	0	1
13	Soc	5	10	1691.666667	1275	0	1
13	Soc	6	12	1741.666667	1225	0	1
13	Soc	7	13	1500	1208.333333	0	1
13	Soc	8	15	1600	1283.333333	0	1
13	Soc	9	17	666.6666667	1233.333333	0	1
13	Soc	10	20	1741.666667	1433.333333	0	1
13	Soc	11	22	225	1266.666667	0	1
13	Soc	12	23	NA	NA	NA	NA
13	Con	1	2	3483.333333	1266.666667	0	1
13	Con	2	4	2950	1216.666667	0	1
13	Con	3	6	3575	1191.666667	1	0
13	Con	4	7	3341.666667	1325	0	1
13	Con	5	9	3441.666667	1208.333333	0	1
13	Con	6	11	1925	1133.333333	1	0
13	Con	7	14	1933.333333	975	1	0
13	Con	8	16	1116.666667	1308.333333	0	1
13	Con	9	18	1975	1175	1	0
13	Con	10	19	691.6666667	1283.333333	0	1
13	Con	11	21	591.6666667	1275	0	1
13	Con	12	24	541.6666667	1325	0	1
14	Soc	1	1	3258.333333	1208.333333	0	1
14	Soc	2	3	3475	1191.666667	1	0
14	Soc	3	6	3141.666667	858.3333333	1	0
14	Soc	4	8	3383.333333	1066.666667	1	0
14	Soc	5	9	3191.666667	950	1	0
14	Soc	6	11	3350	850	1	0
14	Soc	7	13	2008.333333	1025	1	0
14	Soc	8	15	2608.333333	1216.666667	0	1
14	Soc	9	18	2783.333333	966.6666667	1	0
14	Soc	10	19	3450	1175	1	0
14	Soc	11	21	2708.333333	1666.666667	0	1
14	Soc	12	24	2333.333333	1616.666667	0	1
14	Con	1	2	3375	1425	0	1
14	Con	2	4	3325	1391.666667	0	1
14	Con	3	5	3091.666667	1541.666667	0	1
14	Con	4	7	3325	1375	0	1
14	Con	5	10	2816.666667	1300	0	1
14	Con	6	12	2516.666667	1350	0	1
14	Con	7	14	2541.666667	1341.666667	0	1
14	Con	8	16	3041.666667	1266.666667	0	1
14	Con	9	17	3433.333333	1333.333333	0	1
14	Con	10	20	3291.666667	1350	0	1
14	Con	11	22	3191.666667	1541.666667	0	1
14	Con	12	23	2300	1766.666667	0	1
16	Soc	1	2	3383.333333	1341.666667	0	1
16	Soc	2	3	2241.666667	1241.666667	0	1
16	Soc	3	5	3383.333333	1225	0	1
16	Soc	4	8	3516.666667	1275	0	1
16	Soc	5	9	2508.333333	1316.666667	0	1
16	Soc	6	11	3333.333333	1225	0	1
16	Soc	7	14	1775	1200	1	0
16	Soc	8	16	1991.666667	1250	0	1
16	Soc	9	18	1891.666667	1275	0	1
16	Soc	10	20	1625	1241.666667	0	1
16	Soc	11	21	3575	1208.333333	0	1
16	Soc	12	24	3591.666667	1258.333333	0	1
16	Con	1	1	3508.333333	NA	NA	NA
16	Con	2	4	3566.666667	1200	1	0
16	Con	3	6	3516.666667	1241.666667	0	1
16	Con	4	7	3683.333333	1216.666667	0	1
16	Con	5	10	3583.333333	1191.666667	1	0
16	Con	6	12	3116.666667	1216.666667	0	1
16	Con	7	13	2916.666667	1225	0	1
16	Con	8	15	3625	1200	1	0
16	Con	9	17	3358.333333	1191.666667	1	0
16	Con	10	19	3575	1258.333333	0	1
16	Con	11	22	3650	1208.333333	0	1
16	Con	12	23	NA	1241.666667	0	1
17	Soc	1	1	3608.333333	1175	1	0
17	Soc	2	3	1850	1291.666667	0	1
17	Soc	3	5	NA	NA	NA	NA
17	Soc	4	7	2541.666667	1283.333333	0	1
17	Soc	5	10	1833.333333	1450	0	1
17	Soc	6	12	1416.666667	1541.666667	0	1
17	Soc	7	13	583.3333333	1283.333333	0	1
17	Soc	8	16	950	1291.666667	0	1
17	Soc	9	17	658.3333333	1383.333333	0	1
17	Soc	10	19	891.6666667	1308.333333	0	1
17	Soc	11	22	3083.333333	1275	0	1
17	Soc	12	23	1975	1216.666667	0	1
17	Con	1	2	3041.666667	1275	0	1
17	Con	2	4	3283.333333	1250	0	1
17	Con	3	6	1425	1233.333333	0	1
17	Con	4	8	1058.333333	1375	0	1
17	Con	5	9	241.6666667	NA	NA	NA
17	Con	6	11	1016.666667	1250	0	1
17	Con	7	14	NA	NA	NA	NA
17	Con	8	15	1108.333333	1666.666667	0	1
17	Con	9	18	NA	NA	NA	NA
17	Con	10	20	3375	1258.333333	0	1
17	Con	11	21	3391.666667	1258.333333	0	1
17	Con	12	24	NA	NA	NA	NA
19	Soc	1	1	3100	1258.333333	0	1
19	Soc	2	3	2941.666667	1191.666667	1	0
19	Soc	3	6	3191.666667	1225	0	1
19	Soc	4	7	3483.333333	1175	1	0
19	Soc	5	9	3233.333333	1275	0	1
19	Soc	6	12	2783.333333	1233.333333	0	1
19	Soc	7	13	2641.666667	1225	0	1
19	Soc	8	15	2450	1266.666667	0	1
19	Soc	9	17	2408.333333	1350	0	1
19	Soc	10	19	3041.666667	1475	0	1
19	Soc	11	22	2225	1225	0	1
19	Soc	12	23	3725	716.6666667	1	0
19	Con	1	2	3200	1250	0	1
19	Con	2	4	125	1200	1	0
19	Con	3	5	1825	783.3333333	1	0
19	Con	4	8	3341.666667	1266.666667	0	1
19	Con	5	10	3400	1225	0	1
19	Con	6	11	3325	1183.333333	1	0
19	Con	7	14	2075	783.3333333	1	0
19	Con	8	16	3525	775	1	0
19	Con	9	18	2766.666667	1241.666667	0	1
19	Con	10	20	3391.666667	1208.333333	0	1
19	Con	11	21	3183.333333	1083.333333	1	0
19	Con	12	24	3683.333333	833.3333333	1	0
20	Soc	1	1	3108.333333	841.6666667	1	0
20	Soc	2	4	2975	758.3333333	1	0
20	Soc	3	6	3416.666667	1216.666667	0	1
20	Soc	4	7	3916.666667	725	1	0
20	Soc	5	9	3725	683.3333333	1	0
20	Soc	6	11	3325	825	1	0
20	Soc	7	14	3116.666667	1233.333333	0	1
20	Soc	8	15	3866.666667	808.3333333	1	0
20	Soc	9	18	3066.666667	1200	1	0
20	Soc	10	20	2666.666667	1241.666667	0	1
20	Soc	11	22	1725	1250	0	1
20	Soc	12	23	2550	1258.333333	0	1
20	Con	1	2	3050	1250	0	1
20	Con	2	3	2991.666667	1191.666667	1	0
20	Con	3	5	2891.666667	1266.666667	0	1
20	Con	4	8	2466.666667	1358.333333	0	1
20	Con	5	10	3258.333333	1375	0	1
20	Con	6	12	3058.333333	1225	0	1
20	Con	7	13	3200	1266.666667	0	1
20	Con	8	16	1833.333333	1258.333333	0	1
20	Con	9	17	3050	1266.666667	0	1
20	Con	10	19	2375	1341.666667	0	1
20	Con	11	21	3091.666667	1225	0	1
20	Con	12	24	2850	1241.666667	0	1
21	Soc	1	2	2841.666667	1250	0	1
21	Soc	2	4	1808.333333	8.333333333	NA	NA
21	Soc	3	5	2158.333333	550	1	0
21	Soc	4	7	2866.666667	500	1	0
21	Soc	5	9	2741.666667	600	1	0
21	Soc	6	12	2891.666667	500	1	0
21	Soc	7	13	NA	NA	NA	NA
21	Soc	8	15	1566.666667	25	1	0
21	Soc	9	18	2575	1225	0	1
21	Soc	10	19	2591.666667	833.3333333	1	0
21	Soc	11	21	1650	483.3333333	1	0
21	Soc	12	23	2433.333333	491.6666667	1	0
21	Con	1	1	2016.666667	1408.333333	0	1
21	Con	2	3	2975	1375	0	1
21	Con	3	6	2683.333333	1716.666667	0	1
21	Con	4	8	2283.333333	1241.666667	0	1
21	Con	5	10	1583.333333	1600	0	1
21	Con	6	11	2100	1350	0	1
21	Con	7	14	NA	NA	NA	NA
21	Con	8	16	1958.333333	1925	0	1
21	Con	9	17	1308.333333	1450	0	1
21	Con	10	20	2641.666667	1208.333333	0	1
21	Con	11	22	2133.333333	1400	0	1
21	Con	12	24	2775	1641.666667	0	1
22	Soc	1	2	3016.666667	1300	0	1
22	Soc	2	3	3391.666667	1308.333333	0	1
22	Soc	3	6	3108.333333	1241.666667	0	1
22	Soc	4	7	3341.666667	1300	0	1
22	Soc	5	10	1891.666667	1341.666667	0	1
22	Soc	6	12	1550	1241.666667	0	1
22	Soc	7	14	241.6666667	1400	0	1
22	Soc	8	16	1466.666667	1350	0	1
22	Soc	9	18	2175	1375	0	1
22	Soc	10	20	800	1350	0	1
22	Soc	11	21	3950	750	1	0
22	Soc	12	24	491.6666667	1500	0	1
22	Con	1	1	1716.666667	1325	0	1
22	Con	2	4	2116.666667	1241.666667	0	1
22	Con	3	5	2308.333333	1283.333333	0	1
22	Con	4	8	1066.666667	1250	0	1
22	Con	5	9	2500	1316.666667	0	1
22	Con	6	11	2566.666667	1350	0	1
22	Con	7	13	2666.666667	1191.666667	1	0
22	Con	8	15	3541.666667	1250	0	1
22	Con	9	17	2775	1300	0	1
22	Con	10	19	3400	1400	0	1
22	Con	11	22	3300	1408.333333	0	1
22	Con	12	23	3208.333333	1200	1	0
23	Soc	1	2	3516.666667	1241.666667	0	1
23	Soc	2	4	1941.666667	1308.333333	0	1
23	Soc	3	5	NA	NA	NA	NA
23	Soc	4	8	3491.666667	1200	1	0
23	Soc	5	9	3375	1391.666667	0	1
23	Soc	6	12	1550	1441.666667	0	1
23	Soc	7	14	3350	1316.666667	0	1
23	Soc	8	16	3583.333333	1175	1	0
23	Soc	9	17	3525	1241.666667	0	1
23	Soc	10	19	683.3333333	1216.666667	0	1
23	Soc	11	22	NA	NA	NA	NA
23	Soc	12	23	2800	1200	1	0
23	Con	1	1	3408.333333	1266.666667	0	1
23	Con	2	3	3308.333333	1433.333333	0	1
23	Con	3	6	3500	1250	0	1
23	Con	4	7	3533.333333	1208.333333	0	1
23	Con	5	10	3500	1216.666667	0	1
23	Con	6	11	3416.666667	1283.333333	0	1
23	Con	7	13	3466.666667	1225	0	1
23	Con	8	15	3483.333333	1208.333333	0	1
23	Con	9	18	3391.666667	1241.666667	0	1
23	Con	10	20	3350	1416.666667	0	1
23	Con	11	21	3150	1225	0	1
23	Con	12	24	3058.333333	1216.666667	0	1
24	Soc	1	1	2908.333333	1550	0	1
24	Soc	2	3	1375	1400	0	1
24	Soc	3	6	1708.333333	1575	0	1
24	Soc	4	8	1566.666667	1241.666667	0	1
24	Soc	5	10	3050	1366.666667	0	1
24	Soc	6	11	2741.666667	1300	0	1
24	Soc	7	13	2375	1316.666667	0	1
24	Soc	8	16	566.6666667	1475	0	1
24	Soc	9	17	1041.666667	1308.333333	0	1
24	Soc	10	19	91.66666667	NA	NA	NA
24	Soc	11	22	933.3333333	1450	0	1
24	Soc	12	23	825	1341.666667	0	1
24	Con	1	2	2458.333333	1208.333333	0	1
24	Con	2	4	2408.333333	1233.333333	0	1
24	Con	3	5	1791.666667	1191.666667	1	0
24	Con	4	7	2633.333333	1216.666667	0	1
24	Con	5	9	2150	1316.666667	0	1
24	Con	6	12	2525	1241.666667	0	1
24	Con	7	14	2091.666667	1458.333333	0	1
24	Con	8	15	1475	1333.333333	0	1
24	Con	9	18	433.3333333	NA	NA	NA
24	Con	10	20	2100	1175	1	0
24	Con	11	21	900	1391.666667	0	1
24	Con	12	24	666.6666667	1375	0	1
26	Soc	1	1	3333.333333	1208.333333	0	1
26	Soc	2	3	3225	833.3333333	1	0
26	Soc	3	6	3816.666667	825	1	0
26	Soc	4	7	3425	1016.666667	1	0
26	Soc	5	9	3933.333333	783.3333333	1	0
26	Soc	6	11	3975	8.333333333	NA	NA
26	Soc	7	14	3841.666667	725	1	0
26	Soc	8	15	2550	833.3333333	1	0
26	Soc	9	18	3400	733.3333333	1	0
26	Soc	10	20	2833.333333	1033.333333	1	0
26	Soc	11	22	2675	708.3333333	1	0
26	Soc	12	24	NA	NA	NA	NA
26	Con	1	2	2975	1416.666667	0	1
26	Con	2	4	2816.666667	1525	0	1
26	Con	3	5	2841.666667	1325	0	1
26	Con	4	8	3366.666667	1366.666667	0	1
26	Con	5	10	3166.666667	1300	0	1
26	Con	6	12	3008.333333	1416.666667	0	1
26	Con	7	13	3125	1391.666667	0	1
26	Con	8	16	3283.333333	1275	0	1
26	Con	9	17	2975	1550	0	1
26	Con	10	19	2616.666667	1266.666667	0	1
26	Con	11	21	1633.333333	1925	0	1
26	Con	12	23	1658.333333	NA	NA	NA
27	Soc	1	2	3625	775	1	0
27	Soc	2	4	3658.333333	450	1	0
27	Soc	3	5	4050	433.3333333	1	0
27	Soc	4	7	3833.333333	775	1	0
27	Soc	5	10	3791.666667	675	1	0
27	Soc	6	12	3883.333333	683.3333333	1	0
27	Soc	7	13	3191.666667	1016.666667	1	0
27	Soc	8	15	4091.666667	383.3333333	1	0
27	Soc	9	18	3366.666667	741.6666667	1	0
27	Soc	10	20	1466.666667	883.3333333	1	0
27	Soc	11	22	2391.666667	1208.333333	0	1
27	Soc	12	24	516.6666667	NA	NA	NA
27	Con	1	1	3333.333333	1275	0	1
27	Con	2	3	3233.333333	1341.666667	0	1
27	Con	3	6	3116.666667	1550	0	1
27	Con	4	8	3150	1475	0	1
27	Con	5	9	3383.333333	1275	0	1
27	Con	6	11	3275	1408.333333	0	1
27	Con	7	14	3166.666667	1483.333333	0	1
27	Con	8	16	3333.333333	1458.333333	0	1
27	Con	9	17	3258.333333	1266.666667	0	1
27	Con	10	19	1066.666667	1425	0	1
27	Con	11	21	2708.333333	1266.666667	0	1
27	Con	12	23	1241.666667	1233.333333	0	1
28	Soc	1	1	3525	1283.333333	0	1
28	Soc	2	4	3425	1366.666667	0	1
28	Soc	3	6	3400	1150	1	0
28	Soc	4	8	3500	1066.666667	1	0
28	Soc	5	9	3266.666667	1408.333333	0	1
28	Soc	6	12	3291.666667	1200	1	0
28	Soc	7	13	3383.333333	1333.333333	0	1
28	Soc	8	15	3908.333333	133.3333333	1	0
28	Soc	9	18	3458.333333	1200	1	0
28	Soc	10	20	3308.333333	1325	0	1
28	Soc	11	21	3300	1408.333333	0	1
28	Soc	12	24	3683.333333	891.6666667	1	0
28	Con	1	2	3191.666667	1491.666667	0	1
28	Con	2	3	3491.666667	1275	0	1
28	Con	3	5	3491.666667	1208.333333	0	1
28	Con	4	7	3516.666667	1250	0	1
28	Con	5	10	3475	1241.666667	0	1
28	Con	6	11	3650	1158.333333	1	0
28	Con	7	14	NA	NA	NA	NA
28	Con	8	16	3408.333333	1241.666667	0	1
28	Con	9	17	3533.333333	1233.333333	0	1
28	Con	10	19	3533.333333	1241.666667	0	1
28	Con	11	22	3550	1225	0	1
28	Con	12	23	3483.333333	1208.333333	0	1
29	Soc	1	1	3400	1391.666667	0	1
29	Soc	2	3	2925	1333.333333	0	1
29	Soc	3	6	2000	1325	0	1
29	Soc	4	7	2725	1275	0	1
29	Soc	5	9	2716.666667	1341.666667	0	1
29	Soc	6	11	2725	1408.333333	0	1
29	Soc	7	13	2958.333333	1241.666667	0	1
29	Soc	8	16	916.6666667	1508.333333	0	1
29	Soc	9	17	3191.666667	1275	0	1
29	Soc	10	19	3108.333333	1675	0	1
29	Soc	11	22	1741.666667	1291.666667	0	1
29	Soc	12	24	2550	1275	0	1
29	Con	1	2	3591.666667	1200	1	0
29	Con	2	4	3575	1158.333333	1	0
29	Con	3	5	1541.666667	1191.666667	1	0
29	Con	4	8	2383.333333	NA	NA	NA
29	Con	5	10	3150	1691.666667	0	1
29	Con	6	12	3175	1675	0	1
29	Con	7	14	2566.666667	1433.333333	0	1
29	Con	8	15	1650	1491.666667	0	1
29	Con	9	18	2708.333333	1408.333333	0	1
29	Con	10	20	483.3333333	1441.666667	0	1
29	Con	11	21	1858.333333	NA	NA	NA
29	Con	12	23	2366.666667	1291.666667	0	1
30	Soc	1	1	3416.666667	1333.333333	0	1
30	Soc	2	3	2975	1366.666667	0	1
30	Soc	3	5	3500	1158.333333	1	0
30	Soc	4	7	3166.666667	1200	1	0
30	Soc	5	10	2933.333333	1216.666667	0	1
30	Soc	6	11	3641.666667	1233.333333	0	1
30	Soc	7	13	2766.666667	1291.666667	0	1
30	Soc	8	15	3458.333333	1275	0	1
30	Soc	9	18	3558.333333	1250	0	1
30	Soc	10	19	3666.666667	1175	1	0
30	Soc	11	21	3658.333333	1175	1	0
30	Soc	12	23	2508.333333	1158.333333	1	0
30	Con	1	2	3183.333333	1241.666667	0	1
30	Con	2	4	3316.666667	1291.666667	0	1
30	Con	3	6	3275	1275	0	1
30	Con	4	8	3216.666667	1250	0	1
30	Con	5	9	2975	1241.666667	0	1
30	Con	6	12	3025	1250	0	1
30	Con	7	14	1058.333333	1283.333333	0	1
30	Con	8	16	2875	1250	0	1
30	Con	9	17	1250	1266.666667	0	1
30	Con	10	20	3133.333333	1233.333333	0	1
30	Con	11	22	1766.666667	1175	1	0
30	Con	12	24	3200	1291.666667	0	1
31	Soc	1	1	3833.333333	783.3333333	1	0
31	Soc	2	3	3775	783.3333333	1	0
31	Soc	3	6	4191.666667	466.6666667	1	0
31	Soc	4	7	4175	250	1	0
31	Soc	5	9	3891.666667	666.6666667	1	0
31	Soc	6	11	3925	150	1	0
31	Soc	7	14	3558.333333	383.3333333	1	0
31	Soc	8	15	3858.333333	741.6666667	1	0
31	Soc	9	17	3091.666667	375	1	0
31	Soc	10	20	3041.666667	1241.666667	0	1
31	Soc	11	21	3841.666667	508.3333333	1	0
31	Soc	12	23	3350	1275	0	1
31	Con	1	2	3275	1416.666667	0	1
31	Con	2	4	3283.333333	1233.333333	0	1
31	Con	3	5	3175	1383.333333	0	1
31	Con	4	8	3433.333333	1158.333333	1	0
31	Con	5	10	3383.333333	1391.666667	0	1
31	Con	6	12	3191.666667	1091.666667	1	0
31	Con	7	13	3141.666667	1241.666667	0	1
31	Con	8	16	2950	1200	1	0
31	Con	9	18	3558.333333	1258.333333	0	1
31	Con	10	19	4200	400	1	0
31	Con	11	22	3933.333333	716.6666667	1	0
31	Con	12	24	3275	1266.666667	0	1
32	Soc	1	2	2933.333333	1350	0	1
32	Soc	2	4	3425	1200	1	0
32	Soc	3	5	3441.666667	1191.666667	1	0
32	Soc	4	8	2833.333333	1225	0	1
32	Soc	5	10	3275	1350	0	1
32	Soc	6	11	3533.333333	1200	1	0
32	Soc	7	14	2925	1208.333333	0	1
32	Soc	8	16	3441.666667	1300	0	1
32	Soc	9	18	3266.666667	1225	0	1
32	Soc	10	19	2333.333333	1191.666667	1	0
32	Soc	11	21	2966.666667	1275	0	1
32	Soc	12	23	3216.666667	1208.333333	0	1
32	Con	1	1	2683.333333	1291.666667	0	1
32	Con	2	3	2258.333333	1300	0	1
32	Con	3	6	3041.666667	1325	0	1
32	Con	4	7	1750	1383.333333	0	1
32	Con	5	9	1716.666667	1400	0	1
32	Con	6	12	3191.666667	1225	0	1
32	Con	7	13	2350	1300	0	1
32	Con	8	15	2375	1225	0	1
32	Con	9	17	2125	1208.333333	0	1
32	Con	10	20	2991.666667	1175	1	0
32	Con	11	22	2733.333333	1225	0	1
32	Con	12	24	2183.333333	1316.666667	0	1
33	Soc	1	2	3308.333333	1383.333333	0	1
33	Soc	2	4	3133.333333	1083.333333	1	0
33	Soc	3	5	3366.666667	1050	1	0
33	Soc	4	8	3416.666667	1233.333333	0	1
33	Soc	5	9	3375	783.3333333	1	0
33	Soc	6	11	3091.666667	1258.333333	0	1
33	Soc	7	13	1850	1275	0	1
33	Soc	8	16	2975	1433.333333	0	1
33	Soc	9	18	3100	1391.666667	0	1
33	Soc	10	19	1841.666667	1450	0	1
33	Soc	11	22	1300	1458.333333	0	1
33	Soc	12	24	2533.333333	1266.666667	0	1
33	Con	1	1	3250	1408.333333	0	1
33	Con	2	3	3433.333333	1250	0	1
33	Con	3	6	3591.666667	1225	0	1
33	Con	4	7	3133.333333	1241.666667	0	1
33	Con	5	10	3291.666667	1350	0	1
33	Con	6	12	3850	791.6666667	1	0
33	Con	7	14	1225	1341.666667	0	1
33	Con	8	15	3241.666667	1200	1	0
33	Con	9	17	3241.666667	1225	0	1
33	Con	10	20	NA	NA	NA	NA
33	Con	11	21	2858.333333	1241.666667	0	1
33	Con	12	23	3050	1241.666667	0	1
34	Soc	1	2	3291.666667	1258.333333	0	1
34	Soc	2	3	2416.666667	1283.333333	0	1
34	Soc	3	5	1708.333333	1266.666667	0	1
34	Soc	4	8	3533.333333	1233.333333	0	1
34	Soc	5	10	3191.666667	1575	0	1
34	Soc	6	12	NA	NA	NA	NA
34	Soc	7	13	333.3333333	1233.333333	0	1
34	Soc	8	15	1041.666667	NA	NA	NA
34	Soc	9	17	NA	NA	NA	NA
34	Soc	10	19	NA	NA	NA	NA
34	Soc	11	22	3591.666667	1233.333333	0	1
34	Soc	12	24	3483.333333	1275	0	1
34	Con	1	1	3583.333333	966.6666667	1	0
34	Con	2	4	3425	1300	0	1
34	Con	3	6	2308.333333	1391.666667	0	1
34	Con	4	7	1791.666667	1683.333333	0	1
34	Con	5	9	NA	NA	NA	NA
34	Con	6	11	3583.333333	1233.333333	0	1
34	Con	7	14	NA	NA	NA	NA
34	Con	8	16	3525	1225	0	1
34	Con	9	18	NA	NA	NA	NA
34	Con	10	20	2725	1341.666667	0	1
34	Con	11	21	3125	1291.666667	0	1
34	Con	12	23	3458.333333	1250	0	1
35	Soc	1	1	1175	1183.333333	1	0
35	Soc	2	3	3400	1275	0	1
35	Soc	3	5	2958.333333	1358.333333	0	1
35	Soc	4	7	1041.666667	1733.333333	0	1
35	Soc	5	10	1458.333333	1433.333333	0	1
35	Soc	6	11	2708.333333	1383.333333	0	1
35	Soc	7	13	2000	1383.333333	0	1
35	Soc	8	16	1341.666667	1766.666667	0	1
35	Soc	9	18	1991.666667	1341.666667	0	1
35	Soc	10	20	1133.333333	NA	NA	NA
35	Soc	11	21	75	1516.666667	0	1
35	Soc	12	24	3300	1400	0	1
35	Con	1	2	3250	908.3333333	1	0
35	Con	2	4	2441.666667	1158.333333	1	0
35	Con	3	6	2208.333333	833.3333333	1	0
35	Con	4	8	1483.333333	1833.333333	0	1
35	Con	5	9	2041.666667	1191.666667	1	0
35	Con	6	12	1408.333333	1025	1	0
35	Con	7	14	866.6666667	1641.666667	0	1
35	Con	8	15	1966.666667	1191.666667	1	0
35	Con	9	17	1550	1233.333333	0	1
35	Con	10	19	2000	1233.333333	0	1
35	Con	11	22	NA	NA	NA	NA
35	Con	12	23	1591.666667	1191.666667	1	0
37	Soc	1	1	3650	991.6666667	1	0
37	Soc	2	4	3550	983.3333333	1	0
37	Soc	3	5	4116.666667	458.3333333	1	0
37	Soc	4	8	3366.666667	800	1	0
37	Soc	5	10	3300	750	1	0
37	Soc	6	11	2941.666667	716.6666667	1	0
37	Soc	7	14	3208.333333	816.6666667	1	0
37	Soc	8	16	3375	683.3333333	1	0
37	Soc	9	17	3441.666667	700	1	0
37	Soc	10	19	3550	741.6666667	1	0
37	Soc	11	22	1000	875	1	0
37	Soc	12	24	2558.333333	733.3333333	1	0
37	Con	1	2	3358.333333	1466.666667	0	1
37	Con	2	3	3116.666667	1475	0	1
37	Con	3	6	2450	1383.333333	0	1
37	Con	4	7	2708.333333	1241.666667	0	1
37	Con	5	9	2133.333333	1358.333333	0	1
37	Con	6	12	1950	1400	0	1
37	Con	7	13	2525	1275	0	1
37	Con	8	15	1216.666667	1500	0	1
37	Con	9	18	1433.333333	1358.333333	0	1
37	Con	10	20	NA	NA	NA	NA
37	Con	11	21	1633.333333	1916.666667	0	1
37	Con	12	23	2400	1433.333333	0	1
38	Soc	1	1	3783.333333	950	1	0
38	Soc	2	4	3775	950	1	0
38	Soc	3	6	2675	866.6666667	1	0
38	Soc	4	7	3900	791.6666667	1	0
38	Soc	5	9	3575	1216.666667	0	1
38	Soc	6	11	2891.666667	783.3333333	1	0
38	Soc	7	13	3875	750	1	0
38	Soc	8	15	3508.333333	1266.666667	0	1
38	Soc	9	18	2916.666667	1241.666667	0	1
38	Soc	10	19	2100	1225	0	1
38	Soc	11	21	3216.666667	825	1	0
38	Soc	12	23	3641.666667	1175	1	0
38	Con	1	2	3325	1341.666667	0	1
38	Con	2	3	3141.666667	1191.666667	1	0
38	Con	3	5	3475	1275	0	1
38	Con	4	8	2491.666667	1458.333333	0	1
38	Con	5	10	3116.666667	1225	0	1
38	Con	6	12	2583.333333	1258.333333	0	1
38	Con	7	14	2758.333333	1308.333333	0	1
38	Con	8	16	2950	1275	0	1
38	Con	9	17	2858.333333	1175	1	0
38	Con	10	20	2958.333333	1250	0	1
38	Con	11	22	1941.666667	1283.333333	0	1
38	Con	12	24	2058.333333	1241.666667	0	1
